.Random.seed <-
c(403L, 178L, 268685583L, -1331501538L, -992704782L, -1078690073L, 
-1731061638L, 91950378L, -1724331375L, -1695230430L, 1299039519L, 
786086866L, -826753502L, 1508369142L, -99277583L, 1619200334L, 
-617554388L, 1002842811L, -1964525386L, 1601451886L, -1974871218L, 
1408160799L, -302916639L, -587369374L, 1646957860L, -1631784432L, 
-403892258L, 1074965458L, 104943944L, -1520826591L, 1399862591L, 
130926743L, 2060701499L, -478754377L, 1011566374L, 1524066628L, 
1978409702L, 1387306222L, 817935534L, 207143818L, -2084702704L, 
-1752497458L, -1825680231L, -1551264535L, -311905159L, -1199104535L, 
1256083063L, 1408519000L, 1895599551L, -709114657L, -272640072L, 
2057675712L, -1466253053L, -588369490L, 1731885031L, 990887267L, 
840333820L, -1234984034L, -1326824358L, 545649744L, -944394896L, 
1411283920L, -386252379L, 1277814263L, -108782898L, 1640341334L, 
-1184680232L, -208818138L, -1469252805L, -992033687L, -1376906692L, 
-952540703L, -1479812899L, 689417981L, 418608653L, -1202789957L, 
675542982L, -511737567L, 1005293884L, -1972470818L, -1055296735L, 
761607432L, -822465691L, -1877815508L, 1563820427L, -1594070432L, 
1400182410L, 712548095L, -193981818L, -1437306723L, -1900056567L, 
2007034927L, -2074468167L, 1170512355L, 245418623L, 366001441L, 
1975301112L, 202947241L, 1797499965L, -1547608711L, 183388187L, 
671699685L, -387835988L, -1902400154L, 919583498L, 1793683332L, 
-622234384L, 718662773L, 1970439481L, 466141510L, 2113809470L, 
1340222642L, -879249355L, -203866763L, -798897188L, -784660572L, 
1379928874L, -996566242L, -1396965636L, -1875464531L, 507997818L, 
-1371759758L, 2020370147L, 1827898829L, 179561947L, -1335539889L, 
-1099317101L, 1775714416L, 1783235002L, 734139803L, 281101691L, 
-2098398460L, 364083434L, 604459130L, 1659907914L, 1311376383L, 
-1776727919L, -346767951L, 811985454L, 1586114266L, 268851192L, 
-56004391L, -1532329299L, 1375400374L, 1673619064L, 973782253L, 
-625468273L, -213328410L, 1800720361L, -268952107L, 606408729L, 
1851528110L, 704869054L, -1515770958L, 586266038L, 37663637L, 
-1348031184L, 1732726279L, 1146260163L, 1209977012L, -1756848989L, 
1925024932L, -29316417L, 1235595727L, 480291142L, 112741208L, 
-1020104512L, 813794319L, 1907703846L, -1481429717L, 2055704622L, 
-1867985457L, -1609474900L, 1590583583L, 475997859L, 206771127L, 
186032710L, 1673604793L, -474567903L, 1256506770L, 1010460812L, 
-1088355994L, 1909737103L, 1225493509L, 179312084L, -1745287217L, 
350993671L, 135714433L, -1707119713L, -1412232197L, 871015849L, 
464731854L, -1966159090L, 497601739L, 1594479379L, 1379566837L, 
-687810737L, -1653549437L, -1132490213L, 1413904927L, -502190219L, 
-1885503520L, 434997409L, 1354647574L, 799772885L, 805307070L, 
1043558126L, 1408457342L, 835928800L, -2070460317L, -284000974L, 
-698024664L, -1691867055L, 1122384805L, -1433377441L, 285041410L, 
-1061728003L, 1610406424L, 989174787L, 485796629L, 1156775699L, 
547666785L, 1307758577L, -71003243L, 549824857L, -1718566626L, 
-1039756629L, -392702393L, 1732344408L, -93072160L, 857636736L, 
-203860397L, 1510143041L, -1658773614L, -622427846L, -214771211L, 
66382052L, 394302139L, 409445702L, -38039777L, -1474638807L, 
-113972765L, 23262630L, 1897560849L, -527521575L, -1131693251L, 
1192267121L, 1324840530L, -790247266L, -725703696L, -1087767217L, 
290714721L, -144930320L, 804920936L, 350132490L, -1465758709L, 
1880481340L, -1864236819L, -1268279125L, -1067987047L, 640367716L, 
1170853807L, 1390758805L, -512208363L, -2059919163L, 1732858890L, 
769057968L, -1960375152L, -174096698L, 1084350137L, 1789607826L, 
-1901964299L, 1767635804L, 717371733L, -1791512022L, -1428916681L, 
-1116612035L, 647637940L, 754393991L, -17211386L, -841169925L, 
102368108L, -1698080270L, -1683405464L, 2028882015L, 1665020807L, 
1333644189L, -834395421L, 20414547L, -1817341762L, 984293138L, 
-1955571307L, 1119609377L, -1515053567L, -169632365L, -231583115L, 
1382126161L, 25692025L, 1923396909L, 252102220L, 221288799L, 
-1918431370L, -700008979L, 1313909833L, -1934527478L, -1311880747L, 
-824872332L, 67936192L, -252307186L, -411245556L, 806483409L, 
-1057767011L, 86555065L, 1648231585L, -1800985517L, -274338155L, 
-54556023L, -834930723L, 247060500L, -796352785L, 1662901359L, 
-1437452869L, -133605919L, -650121080L, -2027398271L, 913580L, 
-1650024590L, -1840316801L, 1077824114L, 463497337L, 528366645L, 
-1049628363L, -1150962462L, -1769577502L, -82099541L, 704686491L, 
1949720624L, 1946420201L, -515206550L, -1845334248L, -763627105L, 
-738481019L, -570949846L, -1404990292L, 1227851946L, 541528669L, 
-745940868L, -1135196528L, -206571808L, -1117494905L, -923777332L, 
-1342353640L, -785203764L, 362069977L, 464387605L, -407353840L, 
9225696L, 2136793627L, 1478783011L, -1109513826L, -1761896164L, 
-992520561L, 1007041674L, -1379123895L, -1720391015L, 1654290605L, 
393844644L, 2055924124L, 1324516780L, 972212902L, 1342228672L, 
-1694642886L, 859227275L, 1006684274L, -784295131L, 1921512125L, 
-43889716L, -358096737L, 1782558390L, -304885679L, 1550960411L, 
1297010597L, 952400060L, -1663189570L, 555233424L, -924433595L, 
2012278640L, -1979106342L, 1442284393L, 1838194990L, 1388951040L, 
1135990602L, 745321853L, 1861823644L, 1672727106L, -1797164552L, 
1658893383L, 612613044L, -1651028222L, -450054992L, 24900394L, 
1003192386L, -1338469679L, -1120659478L, 917170900L, -1807143720L, 
-734301399L, 401551049L, 2096662669L, 1279173855L, -775910257L, 
1864803315L, -428407230L, 126727546L, -1731474432L, 80568700L, 
1113521054L, -1671025535L, 165398639L, 1543652219L, 29926767L, 
45529800L, -495417388L, 1482890990L, 393740968L, 1853739609L, 
331255850L, -274055771L, -254491517L, -2069260424L, 334546282L, 
-198492037L, -1698544185L, 343787947L, 836935823L, 1418145768L, 
1517659861L, -368669342L, -794930484L, 1905592679L, -1891386983L, 
97114521L, -53703243L, -1866264661L, 422364436L, 2010945738L, 
868922540L, -633607086L, 332103527L, 1332824689L, 633582737L, 
-1893203950L, -1304891458L, -346008581L, 660174665L, -1921492114L, 
-1080438970L, 803513878L, 270938490L, 83763854L, 1410258358L, 
-1475701428L, 209857756L, 1955539729L, -1884621167L, -549600567L, 
-1825136201L, 692612611L, 421666779L, -218950648L, -516011511L, 
-1827814153L, -1861997112L, -1437862460L, -683162909L, -1678549485L, 
-226917937L, 180471942L, -1921307462L, -34606383L, 1309847778L, 
-1419614231L, -871534494L, 1040812549L, -975333276L, 565635740L, 
-2020379878L, 2025118292L, -1073241193L, -282771523L, -1929890824L, 
415368101L, -703825846L, -1093355285L, -105156905L, 1429767085L, 
-1760327170L, 13389338L, 1033230195L, 1834371243L, 1781843522L, 
1138790541L, -864728312L, 1671120858L, -1820340407L, 2028911860L, 
-1075808726L, 654325737L, 1898113596L, -1889056681L, -1363817255L, 
1172704191L, -1263229520L, -167406804L, 253948523L, 2116137235L, 
1282859467L, -1724056584L, -658931157L, 1793061602L, 438541345L, 
-1635188322L, 507529360L, 35179690L, 1022394255L, 1472793986L, 
1291976971L, -101710332L, -1101541274L, 1089301978L, -297125263L, 
-569142662L, 1392705715L, 799443164L, 241420990L, -1802249919L, 
-7068714L, -2055688835L, -1826539698L, -1628122413L, -457501912L, 
1929562781L, 485100254L, -709621990L, 1556488551L, 2034962009L, 
337271136L, 1677814391L, 291005997L, 987903787L, -803972129L, 
-13412407L, 819687637L, 1222271963L, 431134679L, -1845069401L, 
-368975007L, 1039327760L, -1878448806L, 704584239L, 267529200L, 
984527124L, -1153139450L, 706710306L, -2077749271L, -75390673L, 
-1800169716L, -1201325329L, 1698360994L, -274011863L, 1763444487L, 
-1711439250L, -18169559L, -1750240025L, -977938702L, 1486337291L, 
1849191373L, 107161981L, 18164504L, 590924287L, 1783584508L, 
-1416094244L, -784202834L, -443430889L, -46137651L, 1278683237L, 
-62753475L, 1216503724L, -1622360947L, -1652471515L, 2071622088L, 
334399120L, -221157494L, -1687543752L, -774121941L, 247669491L, 
1669798827L, -2134972088L, 1623540828L, -1542613692L, -1204981328L, 
-333594780L, 943462873L, -1507047883L, 1169625087L, 666265623L, 
